12269069078102942280
1948296035335846044
15075411840895375219
12487427759821713377
7211424744929819904
3301921395710295574
17578961419563655328
7296289158176770166
12744180947542377036
5419561483960018236
8041022286195895072
11406301180642935676
2609906001162374960
11104215652237047652
235920513941162887
8603012797898561745
1849299371176612294
16641193367642146586
14422223776262085126
516147320459322073
15794466663490054183
15257146579575802484
1449987998232482800
11323795080246421293
9914400976946980986
3550508510506310667
3202498592278700099
14501518408620822562
12757421264053350888
6793531770473242431
12803038753540357831
6634949414981328240
13295149482671578166
8958074742665099076
10435046177413910026
3560962668810070286
15458974477747202238
3757243169034963473
9970571681753311936
11803448187302962689
1032331128598327467
987587569732395022
919478542575285424
1657094912111735537
14980635408257399407
5207014687137064020
8019895371194346432
13037552110853082663
8691524697199006951
11692759143135773880
6774052367945554741
9857013768707443120
10794215377534901914
5067652482060732293
8430454848515859670
4774008202805319072
4869641750268674323
836879498536063355
8822383513813443579
3135222438973711913
14176292014740211286
10495275684572987933
15985900763592022022
3951545242815439647
7025246022240686909
295557854900816665
4422069442835083283
131588466234212156
530260698933360562
554480053208070349
7933278341846889997
8088907341834332261
3335069015018171758
5745552648498824197
4471333256994963070
3005376764362352495
319724909338095275
14799522236119854186
11499999032028515400
4287465770608171812
8300698352803269902
13153529907195121251
1887828684456572572
12800517019418950109
10819835204591728464
6713133471518234389
16749369384508271831
12471644334977958284
6893402914809042336
1860984995037066983
2280721953923133283
5379076666042486692
11105088244932756590
3382524296308340276
12457400911293204864
3728411892147308876
17314950834068001102
5337872897517716971
15604481320672678748
13438322727681573080
